3.049316406250000269e-06 1.048339843750000083e-01
3.796386718750000323e-06 1.048339843750000083e-01
3.049316406250000269e-06 1.338378906250000111e-01
3.049316406250000269e-06 1.338378906250000111e-01
3.796386718750000323e-06 1.048339843750000083e-01
3.796386718750000323e-06 1.338378906250000111e-01
4.299316406250000159e-06 1.298339843749999889e-01
2.546386718750000009e-06 1.298339843749999889e-01
4.299316406250000159e-06 1.088378906250000028e-01
4.299316406250000159e-06 1.088378906250000028e-01
2.546386718750000009e-06 1.298339843749999889e-01
2.546386718750000009e-06 1.088378906250000028e-01
4.924316406250000105e-06 1.173339843750000056e-01
4.421386718750000268e-06 1.173339843750000056e-01
4.924316406250000105e-06 1.463378906249999944e-01
4.924316406250000105e-06 1.463378906249999944e-01
4.421386718750000268e-06 1.173339843750000056e-01
4.421386718750000268e-06 1.463378906249999944e-01
3.674316406250000214e-06 1.423339843750000000e-01
3.171386718750000377e-06 1.423339843750000000e-01
3.674316406250000214e-06 1.213378906250000000e-01
3.674316406250000214e-06 1.213378906250000000e-01
3.171386718750000377e-06 1.423339843750000000e-01
3.171386718750000377e-06 1.213378906250000000e-01
3.361816406250000242e-06 1.235839843749999972e-01
2.858886718750000405e-06 1.235839843749999972e-01
3.361816406250000242e-06 1.150878906249999944e-01
3.361816406250000242e-06 1.150878906249999944e-01
2.858886718750000405e-06 1.235839843749999972e-01
2.858886718750000405e-06 1.150878906249999944e-01
4.611816406250000979e-06 1.485839843749999778e-01
4.108886718750000295e-06 1.485839843749999778e-01
4.611816406250000979e-06 1.400878906249999889e-01
4.611816406250000979e-06 1.400878906249999889e-01
4.108886718750000295e-06 1.485839843749999778e-01
4.108886718750000295e-06 1.400878906249999889e-01
3.986816406250000187e-06 1.110839843750000000e-01
3.483886718750000350e-06 1.110839843750000000e-01
3.986816406250000187e-06 1.025878906250000111e-01
3.986816406250000187e-06 1.025878906250000111e-01
3.483886718750000350e-06 1.110839843750000000e-01
3.483886718750000350e-06 1.025878906250000111e-01
2.736816406250000296e-06 1.360839843749999944e-01
4.733886718750000240e-06 1.360839843749999944e-01
2.736816406250000296e-06 1.275878906250000056e-01
2.736816406250000296e-06 1.275878906250000056e-01
4.733886718750000240e-06 1.360839843749999944e-01
4.733886718750000240e-06 1.275878906250000056e-01
2.658691406250000091e-06 1.095214843750000056e-01
2.624511718750000213e-06 1.095214843750000056e-01
2.658691406250000091e-06 1.229003906249999944e-01
2.658691406250000091e-06 1.229003906249999944e-01
2.624511718750000213e-06 1.095214843750000056e-01
2.624511718750000213e-06 1.229003906249999944e-01
3.908691406250000829e-06 1.345214843750000000e-01
3.874511718750000527e-06 1.345214843750000000e-01
3.908691406250000829e-06 1.479003906249999889e-01
3.908691406250000829e-06 1.479003906249999889e-01
3.874511718750000527e-06 1.345214843750000000e-01
3.874511718750000527e-06 1.479003906249999889e-01
